-1.942102259 -0.307369088 -0.885314611 -2.468554734 -0.303174401 -2.958855414 -1.803951104 0.254559505 -1.933280429 -0.32084866 -0.455121448
-0.563584795 0.624226135 -0.941637793 -2.375651107 -0.635525155 -4.271637875 -3.122331892 -0.082310637 -4.102189996 -0.489024102 -2.268221657
-0.056341198 0.591222932 -0.499176812 -3.781527757 -0.249958761 -4.393380021 -3.278306964 -0.05772 -4.253378986 -0.722121444 -2.037774629
-0.290843155 0.617254271 -0.823295893 -4.46859499 -0.731390484 -3.785276914 -2.886983442 -0.03312541 -4.43775713 -0.865955866 -2.366068096
0.931355472 0.250037957 0.16529088 -3.140332552 -0.387522672 -4.017522175 -2.697156413 0.018726376 -3.757363976 -0.703588252 -1.869116424
1.458633167 0.5111913 0.998020325 -3.507281074 -0.363167941 -3.539168333 -2.828156258 -1.29621404 -3.801002236 -0.78861479 -2.319555098
1.889103889 0.729463971 1.741779112 -3.776828187 -0.526367318 -3.389797952 -2.550123423 -1.26289 -3.421140246 -1.294303305 -2.0989
2.100443566 0.162663794 1.784221787 -3.897829957 -0.381645714 -3.343274412 -2.60041144 -1.229557066 -3.285803001 -1.96634001 -1.878248401
2.227810177 -0.154354943 1.660299668 -3.928328119 -0.247433688 -3.546086468 -2.292221772 -1.442778437 -3.298925874 -1.937867223 -1.984722458
1.942102259 -0.495565702 2.006386785 -3.593109283 -0.660164433 -3.6024832 -2.464990669 -1.430017243 -3.652893058 -1.566366961 -1.784130127
1.261356313 0.226748228 1.824911874 -3.788867436 -0.389078215 -3.431214753 -2.447447512 -1.164284708 -3.333443895 -1.817759716 -1.551538345
1.207633311 0.2171237 1.726973831 -3.83709 -0.720482677 -3.507546588 -2.460424083 -1.39599 -3.439568738 -1.870648699 -1.6067
-0.133372834 0.783788291 0.529378607 -3.88532 -0.735897878 -3.267581762 -2.059046674 -1.627703568 -3.291816198 -1.508804222 -1.661853599
-0.382380235 0.715520729 0.212782632 -3.933545829 -0.597519797 -2.747204721 -1.996849068 -1.779490349 -3.372164255 -1.142622199 -1.755764933
-0.260047313 0.615253286 -0.123236857 -3.820922608 -0.706620627 -3.014647281 -2.233133276 -1.522867759 -3.512370535 -1.105099142 -1.890530606
-0.010791956 1.098484559 0.217041872 -1.531890541 0.176339392 -2.627588483 -2.102197582 -1.569425956 -3.32875862 -1.401216239 -1.81747098
0.161167092 0.992782888 -0.66569663 -3.222907254 -0.112688718 -3.202362653 -2.125388287 -0.650482701 -3.122694183 -0.833366306 -1.146040936
-0.017145299 0.69174405 -0.09110112 -2.73818578 -0.4118803 -1.591365328 -1.352112001 -0.802303617 -1.767835558 -1.049366472 -1.136400177
0.000668083 0.027161484 -0.73146868 -1.363310114 -0.08568018 -0.443008561 -0.98427477 -0.033239918 -0.814581413 -0.041838359 0.38376084
-0.139997189 0.132353726 -0.307364058 1.198280638 -0.009783044 1.831454681 0.481722569 -0.088310443 1.890614775 0.066380264 1.860254977
0.034062217 0.150142215 -0.574931386 0.640081403 -0.003362062 1.24407891 -0.380502827 -0.596147664 1.111106672 -0.219383251 1.478411161
-0.143181963 0.226702977 -0.425461475 1.022199737 0.215171853 1.834967953 0.09226094 -0.258886752 1.59190051 0.025240478 1.725552695
0.030677753 -0.125041105 -0.593467291 1.635095018 0.270846876 2.326682111 0.46139114 -0.314830073 1.581798283 0.535857583 1.726047249
0.056370926 -0.201995794 -0.276926376 1.860550123 0.05972805 2.667299781 1.626123757 -0.134348192 3.230737661 0.743634964 1.653141394
-0.422504664 -0.483617244 -0.376582869 2.271656481 0.226499303 2.803486185 1.990889852 -0.346794183 3.40774333 0.482130064 1.709724876
-0.302977143 -0.527343217 -0.408304509 2.817983792 0.068688118 3.229658017 1.787585078 -0.389313397 3.718448706 1.241237686 1.534885758
-0.09900761 -0.856477953 -0.54795271 3.131269966 0.480259065 3.274259236 2.263728678 0.392873334 3.838400171 1.291619326 1.634184775
-0.005527353 -0.336117335 -0.399458743 3.294424343 0.198449145 3.470631224 2.497770441 0.326338 4.475378517 1.894260593 1.480322721
-0.081699395 -0.314181145 -0.7763088 3.218143156 0.230580257 3.398961552 2.440290686 0.259802 4.071979673 1.922281897 1.475441904
0.016503001 -0.788278461 -0.590677567 2.894425987 0.145027081 3.215036807 2.374202113 0.193266178 3.920666368 1.412319919 1.367754845
-0.029666408 -0.89152119 -0.364111277 2.838109492 0.346149955 3.71774196 2.381259374 -0.089712424 4.01820438 1.870648699 1.75779652
-0.256837892 -0.28321488 -1.168163916 2.900422352 -0.258506153 2.0619081 0.008780297 0.774651564 2.92196652 1.150708815 1.808036839
0.084178715 -0.224510028 -1.01409307 3.331300052 -0.061917544 2.240156178 0.380069108 1.244335292 2.884348639 1.000360526 1.028123979
-0.07892 0.700614045 -1.425885972 3.763723387 -0.109214249 2.77543398 0.764378231 0.23703538 2.882744618 0.907157654 0.955711378
-0.24202312 -0.511700763 -0.724914738 2.532458067 -0.214684031 1.960031837 0.111687817 1.449869936 2.844823377 1.085188054 1.459429609
0.032921 0.135157987 -1.48018009 3.212263004 -0.008812905 2.881561215 1.124541982 0.073022039 2.812633043 1.464204112 1.807733103
0.307864956 0.0207739 -0.817035115 3.260753597 -0.057225191 2.42704686 0.088836678 0.811825423 3.004963466 0.598938508 1.561856306
-0.395712439 0.267435069 -1.226055087 3.963001692 -0.148790016 4.071285881 1.365274983 -0.811959757 4.00538253 1.215127407 1.794990515
0.422248449 0.546592505 -1.529808237 4.035773382 0.107803432 3.126895608 1.119184213 -0.438250725 3.528070788 1.166217136 1.446170506
0.011126187 0.284220127 -0.851498542 3.373169326 0.549416315 3.602196682 2.088293026 -0.275302267 3.866840127 0.438902418 1.813130851
-1.006209165 0.816190178 -0.66116664 2.108290045 0.257468063 -0.403572291 -0.312880398 -0.169327416 0.932703949 -0.066853305 -0.18737689
-0.550253838 0.615059671 -1.05161622 -1.306104112 -0.180909867 -1.673411181 -0.505613776 -1.87525948 0.096867191 0.991166747 -0.608840103
-1.097398668 1.458756392 -0.43506409 -4.03781665 0.099622783 -4.131549342 -1.681976391 -0.831737898 -3.395225768 0.215258201 -2.479836719
-0.863103535 1.127 -0.20804743 -3.300980727 0.259046162 -4.062166596 -1.305668707 -0.070899394 -3.059982783 0.310000879 -1.500479329
-1.116686123 0.795243354 -0.28243992 -2.899193164 0.247355771 -3.959814241 -0.747655989 -0.548757164 -2.670274628 -0.622370324 -1.200632089
-0.630907306 1.766213153 -0.31211 -2.124821661 -0.219741074 -3.229505134 -0.664267475 -0.118721014 -1.995587415 -0.71288211 -0.663467548
-0.555908889 0.948412663 -0.341786752 -1.752457424 0.264764068 -3.437648653 -1.59151774 -0.100750605 -1.902742872 0.241284604 -1.29242799
0.138318329 0.80734 0.287423377 -1.489030127 -0.425026681 -3.100736446 -1.943576498 -0.226514309 -1.966483231 -0.149133046 -1.275800489
-1.168579865 0.666266584 -0.057534647 -4.508563568 -0.084367771 -4.236598079 -1.988476426 0.236851389 -3.859327789 -0.607461447 -1.380673577
-1.236168747 0.717188891 -0.15516784 -3.850278033 -0.026428554 -4.445156631 -2.304489283 0.381476901 -4.291148408 -0.276016652 -0.587828205
-1.198331603 0.672526865 -0.056983044 -2.647437081 -0.141752204 -2.73739936 -2.155960006 0.849367059 -2.484371819 -0.986158037 -0.891797186
-1.01193496 0.511093156 -0.387343379 -4.699793545 -0.122285404 -4.023378368 -2.358360725 1.429813429 -3.668955684 0.315589507 -1.746361414
-1.235049945 0.909378629 -0.608710928 0.972132508 0.245388322 0.167251962 0.10199013 0.551760261 -0.437683782 -0.144182135 0.290461306
-1.045110949 0.216222305 -0.372737627 0.984704629 0.171820024 -0.571799693 -0.987237097 1.627703568 -1.093861524 0.335220828 -0.025448513
-0.952171765 0.212504166 -0.871803564 1.180844654 0.331092831 0.840413623 0.114651623 1.546453639 0.959389978 -0.042813476 0.464367542
-0.705991411 0.863308796 -0.757921826 3.063632 0.617560606 2.777409359 0.921568574 1.347642552 2.389970586 -0.303484617 1.926879247
-0.846278331 0.878187084 -0.992453207 4.946418738 0.720482677 4.193538951 2.645318175 1.114388632 4.253378986 0.288011636 2.210400087
-0.939813646 0.572309319 -0.871954014 4.698389 0.89219094 3.985973915 2.302834462 1.236773273 3.614826633 0.524279691 2.319555098
-2.018820525 -1.048617125 -1.108751363 4.450358523 1.461549008 4.833416441 3.048138681 1.649688942 4.383016547 1.024283116 2.721623451
-1.044907016 0.046628794 -1.246752382 4.139020459 -0.049936207 3.422775822 1.185970952 0.599825479 1.539727799 0.333240181 1.255515509
-0.385838049 -0.029639002 -1.032115104 1.44062162 0.113819988 1.166643146 0.094646235 0.821925556 -0.647912761 0.078998225 0.351961993
-0.541453865 -0.655983029 -1.334627285 0.055912846 0.203768937 0.678193101 -0.08495812 0.857063216 -0.430084982 0.524041878 0.181106184
-0.490470235 -0.488190439 -1.429904554 -0.494626486 0.220381228 0.074707871 -0.382512193 0.624177257 -0.717939646 0.708441837 -0.389504865
-0.962505307 -0.306756022 -1.366659228 -0.6146405 0.311889741 -0.036731983 -0.465041824 0.788720121 -0.696603134 0.838406064 -0.567987194
-0.808309648 -0.538927133 -0.951988008 -0.91106323 0.273257479 0.410779956 -0.485621644 0.514156596 -0.467979859 0.435372922 -0.097120678
-1.024526487 -0.618388939 -1.077784678 -0.616887909 0.078804437 0.287122527 -0.247276927 1.176911034 -0.46653847 0.828403591 0.249282786
-1.235536271 -0.607007039 -1.272149821 -0.780315155 0.207625023 0.018081981 -0.31951443 0.329297997 -0.428868945 1.514174558 -0.026653638
